9184981
93906
91872
81675
78185
76038
75696
68640
68012
67528
63232
62269
62074
62050
61446
60536
60032
59985
58016
54873
53992
52160
52160
50372
50330
50274
49700
49170
48516
48505
47950
47040
45845
45720
45084
45050
43615
42900
42032
41292
41085
40293
40186
40035
39900
39424
38736
38304
38190
37635
37062
36783
35882
35441
34160
34000
33894
32712
32412
32136
31119
28600
28595
28220
28002
26796
26100
25772
24775
24650
24543
24205
23674
23430
23352
23040
23040
22656
22601
22512
21318
21230
21030
20999
20544
20304
19890
19592
19460
19188
19080
19074
18867
18620
17670
17619
17613
17178
16974
16588
16320
15143
14800
14464
14464
13717
12950
12852
12712
12233
12152
12142
11764
11430
11232
10672
10296
9960
9828
9384
9372
8784
8778
8138
8016
8008
7452
7424
7230
6600
6360
6272
6018
5968
5952
5844
5782
5565
5529
5476
5292
5280
5184
4914
4830
4653
4508
4446
4416
4386
4284
4270
4224
3888
3872
3672
3380
3225
3200
3160
2890
2880
2835
2737
2691
2691
2451
2415
1821
1818
1752
1711
1400
1336
1288
1068
992
703
354
291
48
3
0
0
